starting
data: 28 2022-06-05 19:06:41.0613692022-06-05 19:06:41.078178
data: 30 2022-06-05 19:06:43.0650442022-06-05 19:06:43.079210
